{
 "cells": [
  {
   "cell_type": "code",
   "execution_count": 1,
   "id": "f6853e44-b058-4dda-9b71-ff608c1258e3",
   "metadata": {},
   "outputs": [],
   "source": [
    "import pandas as pd\n",
    "import numpy as np"
   ]
  },
  {
   "cell_type": "code",
   "execution_count": 2,
   "id": "80dae869-8b3e-45d1-9668-9692358f4186",
   "metadata": {},
   "outputs": [],
   "source": [
    "df = pd.read_csv('churn.csv')"
   ]
  },
  {
   "cell_type": "code",
   "execution_count": 3,
   "id": "78bb5d3c-8e80-4879-a9ce-cdc310cc000f",
   "metadata": {},
   "outputs": [
    {
     "data": {
      "text/html": [
       "<div>\n",
       "<style scoped>\n",
       "    .dataframe tbody tr th:only-of-type {\n",
       "        vertical-align: middle;\n",
       "    }\n",
       "\n",
       "    .dataframe tbody tr th {\n",
       "        vertical-align: top;\n",
       "    }\n",
       "\n",
       "    .dataframe thead th {\n",
       "        text-align: right;\n",
       "    }\n",
       "</style>\n",
       "<table border=\"1\" class=\"dataframe\">\n",
       "  <thead>\n",
       "    <tr style=\"text-align: right;\">\n",
       "      <th></th>\n",
       "      <th>CustomerID</th>\n",
       "      <th>Age</th>\n",
       "      <th>Gender</th>\n",
       "      <th>Tenure</th>\n",
       "      <th>Usage Frequency</th>\n",
       "      <th>Support Calls</th>\n",
       "      <th>Payment Delay</th>\n",
       "      <th>Subscription Type</th>\n",
       "      <th>Contract Length</th>\n",
       "      <th>Total Spend</th>\n",
       "      <th>Last Interaction</th>\n",
       "      <th>Churn</th>\n",
       "    </tr>\n",
       "  </thead>\n",
       "  <tbody>\n",
       "    <tr>\n",
       "      <th>0</th>\n",
       "      <td>2.0</td>\n",
       "      <td>30.0</td>\n",
       "      <td>Female</td>\n",
       "      <td>39.0</td>\n",
       "      <td>14.0</td>\n",
       "      <td>5.0</td>\n",
       "      <td>18.0</td>\n",
       "      <td>Standard</td>\n",
       "      <td>Annual</td>\n",
       "      <td>932.0</td>\n",
       "      <td>17.0</td>\n",
       "      <td>1.0</td>\n",
       "    </tr>\n",
       "    <tr>\n",
       "      <th>1</th>\n",
       "      <td>3.0</td>\n",
       "      <td>65.0</td>\n",
       "      <td>Female</td>\n",
       "      <td>49.0</td>\n",
       "      <td>1.0</td>\n",
       "      <td>10.0</td>\n",
       "      <td>8.0</td>\n",
       "      <td>Basic</td>\n",
       "      <td>Monthly</td>\n",
       "      <td>557.0</td>\n",
       "      <td>6.0</td>\n",
       "      <td>1.0</td>\n",
       "    </tr>\n",
       "    <tr>\n",
       "      <th>2</th>\n",
       "      <td>4.0</td>\n",
       "      <td>55.0</td>\n",
       "      <td>Female</td>\n",
       "      <td>14.0</td>\n",
       "      <td>4.0</td>\n",
       "      <td>6.0</td>\n",
       "      <td>18.0</td>\n",
       "      <td>Basic</td>\n",
       "      <td>Quarterly</td>\n",
       "      <td>185.0</td>\n",
       "      <td>3.0</td>\n",
       "      <td>1.0</td>\n",
       "    </tr>\n",
       "    <tr>\n",
       "      <th>3</th>\n",
       "      <td>5.0</td>\n",
       "      <td>58.0</td>\n",
       "      <td>Male</td>\n",
       "      <td>38.0</td>\n",
       "      <td>21.0</td>\n",
       "      <td>7.0</td>\n",
       "      <td>7.0</td>\n",
       "      <td>Standard</td>\n",
       "      <td>Monthly</td>\n",
       "      <td>396.0</td>\n",
       "      <td>29.0</td>\n",
       "      <td>1.0</td>\n",
       "    </tr>\n",
       "    <tr>\n",
       "      <th>4</th>\n",
       "      <td>6.0</td>\n",
       "      <td>23.0</td>\n",
       "      <td>Male</td>\n",
       "      <td>32.0</td>\n",
       "      <td>20.0</td>\n",
       "      <td>5.0</td>\n",
       "      <td>8.0</td>\n",
       "      <td>Basic</td>\n",
       "      <td>Monthly</td>\n",
       "      <td>617.0</td>\n",
       "      <td>20.0</td>\n",
       "      <td>1.0</td>\n",
       "    </tr>\n",
       "  </tbody>\n",
       "</table>\n",
       "</div>"
      ],
      "text/plain": [
       "   CustomerID   Age  Gender  Tenure  Usage Frequency  Support Calls  \\\n",
       "0         2.0  30.0  Female    39.0             14.0            5.0   \n",
       "1         3.0  65.0  Female    49.0              1.0           10.0   \n",
       "2         4.0  55.0  Female    14.0              4.0            6.0   \n",
       "3         5.0  58.0    Male    38.0             21.0            7.0   \n",
       "4         6.0  23.0    Male    32.0             20.0            5.0   \n",
       "\n",
       "   Payment Delay Subscription Type Contract Length  Total Spend  \\\n",
       "0           18.0          Standard          Annual        932.0   \n",
       "1            8.0             Basic         Monthly        557.0   \n",
       "2           18.0             Basic       Quarterly        185.0   \n",
       "3            7.0          Standard         Monthly        396.0   \n",
       "4            8.0             Basic         Monthly        617.0   \n",
       "\n",
       "   Last Interaction  Churn  \n",
       "0              17.0    1.0  \n",
       "1               6.0    1.0  \n",
       "2               3.0    1.0  \n",
       "3              29.0    1.0  \n",
       "4              20.0    1.0  "
      ]
     },
     "execution_count": 3,
     "metadata": {},
     "output_type": "execute_result"
    }
   ],
   "source": [
    "df.head()"
   ]
  },
  {
   "cell_type": "code",
   "execution_count": 4,
   "id": "20f387f8-ac55-4216-8a92-c783419fa49f",
   "metadata": {},
   "outputs": [],
   "source": [
    "df['Gender']=df['Gender'].map({'Female' : 0 , 'Male' : 1})"
   ]
  },
  {
   "cell_type": "code",
   "execution_count": 5,
   "id": "00c3c024-d72c-40c5-bd0d-b3e0ad403d1b",
   "metadata": {},
   "outputs": [
    {
     "data": {
      "text/html": [
       "<div>\n",
       "<style scoped>\n",
       "    .dataframe tbody tr th:only-of-type {\n",
       "        vertical-align: middle;\n",
       "    }\n",
       "\n",
       "    .dataframe tbody tr th {\n",
       "        vertical-align: top;\n",
       "    }\n",
       "\n",
       "    .dataframe thead th {\n",
       "        text-align: right;\n",
       "    }\n",
       "</style>\n",
       "<table border=\"1\" class=\"dataframe\">\n",
       "  <thead>\n",
       "    <tr style=\"text-align: right;\">\n",
       "      <th></th>\n",
       "      <th>CustomerID</th>\n",
       "      <th>Age</th>\n",
       "      <th>Gender</th>\n",
       "      <th>Tenure</th>\n",
       "      <th>Usage Frequency</th>\n",
       "      <th>Support Calls</th>\n",
       "      <th>Payment Delay</th>\n",
       "      <th>Subscription Type</th>\n",
       "      <th>Contract Length</th>\n",
       "      <th>Total Spend</th>\n",
       "      <th>Last Interaction</th>\n",
       "      <th>Churn</th>\n",
       "    </tr>\n",
       "  </thead>\n",
       "  <tbody>\n",
       "    <tr>\n",
       "      <th>0</th>\n",
       "      <td>2.0</td>\n",
       "      <td>30.0</td>\n",
       "      <td>0.0</td>\n",
       "      <td>39.0</td>\n",
       "      <td>14.0</td>\n",
       "      <td>5.0</td>\n",
       "      <td>18.0</td>\n",
       "      <td>Standard</td>\n",
       "      <td>Annual</td>\n",
       "      <td>932.0</td>\n",
       "      <td>17.0</td>\n",
       "      <td>1.0</td>\n",
       "    </tr>\n",
       "    <tr>\n",
       "      <th>1</th>\n",
       "      <td>3.0</td>\n",
       "      <td>65.0</td>\n",
       "      <td>0.0</td>\n",
       "      <td>49.0</td>\n",
       "      <td>1.0</td>\n",
       "      <td>10.0</td>\n",
       "      <td>8.0</td>\n",
       "      <td>Basic</td>\n",
       "      <td>Monthly</td>\n",
       "      <td>557.0</td>\n",
       "      <td>6.0</td>\n",
       "      <td>1.0</td>\n",
       "    </tr>\n",
       "    <tr>\n",
       "      <th>2</th>\n",
       "      <td>4.0</td>\n",
       "      <td>55.0</td>\n",
       "      <td>0.0</td>\n",
       "      <td>14.0</td>\n",
       "      <td>4.0</td>\n",
       "      <td>6.0</td>\n",
       "      <td>18.0</td>\n",
       "      <td>Basic</td>\n",
       "      <td>Quarterly</td>\n",
       "      <td>185.0</td>\n",
       "      <td>3.0</td>\n",
       "      <td>1.0</td>\n",
       "    </tr>\n",
       "    <tr>\n",
       "      <th>3</th>\n",
       "      <td>5.0</td>\n",
       "      <td>58.0</td>\n",
       "      <td>1.0</td>\n",
       "      <td>38.0</td>\n",
       "      <td>21.0</td>\n",
       "      <td>7.0</td>\n",
       "      <td>7.0</td>\n",
       "      <td>Standard</td>\n",
       "      <td>Monthly</td>\n",
       "      <td>396.0</td>\n",
       "      <td>29.0</td>\n",
       "      <td>1.0</td>\n",
       "    </tr>\n",
       "    <tr>\n",
       "      <th>4</th>\n",
       "      <td>6.0</td>\n",
       "      <td>23.0</td>\n",
       "      <td>1.0</td>\n",
       "      <td>32.0</td>\n",
       "      <td>20.0</td>\n",
       "      <td>5.0</td>\n",
       "      <td>8.0</td>\n",
       "      <td>Basic</td>\n",
       "      <td>Monthly</td>\n",
       "      <td>617.0</td>\n",
       "      <td>20.0</td>\n",
       "      <td>1.0</td>\n",
       "    </tr>\n",
       "  </tbody>\n",
       "</table>\n",
       "</div>"
      ],
      "text/plain": [
       "   CustomerID   Age  Gender  Tenure  Usage Frequency  Support Calls  \\\n",
       "0         2.0  30.0     0.0    39.0             14.0            5.0   \n",
       "1         3.0  65.0     0.0    49.0              1.0           10.0   \n",
       "2         4.0  55.0     0.0    14.0              4.0            6.0   \n",
       "3         5.0  58.0     1.0    38.0             21.0            7.0   \n",
       "4         6.0  23.0     1.0    32.0             20.0            5.0   \n",
       "\n",
       "   Payment Delay Subscription Type Contract Length  Total Spend  \\\n",
       "0           18.0          Standard          Annual        932.0   \n",
       "1            8.0             Basic         Monthly        557.0   \n",
       "2           18.0             Basic       Quarterly        185.0   \n",
       "3            7.0          Standard         Monthly        396.0   \n",
       "4            8.0             Basic         Monthly        617.0   \n",
       "\n",
       "   Last Interaction  Churn  \n",
       "0              17.0    1.0  \n",
       "1               6.0    1.0  \n",
       "2               3.0    1.0  \n",
       "3              29.0    1.0  \n",
       "4              20.0    1.0  "
      ]
     },
     "execution_count": 5,
     "metadata": {},
     "output_type": "execute_result"
    }
   ],
   "source": [
    "df.head()"
   ]
  },
  {
   "cell_type": "code",
   "execution_count": 6,
   "id": "d4829a58-189a-43bd-a6d7-1370f1f98d0b",
   "metadata": {},
   "outputs": [
    {
     "data": {
      "text/plain": [
       "Subscription Type\n",
       "Standard    149128\n",
       "Premium     148678\n",
       "Basic       143026\n",
       "Name: count, dtype: int64"
      ]
     },
     "execution_count": 6,
     "metadata": {},
     "output_type": "execute_result"
    }
   ],
   "source": [
    "df['Subscription Type'].value_counts()"
   ]
  },
  {
   "cell_type": "code",
   "execution_count": 7,
   "id": "efefcbf5-1056-4631-a3de-301b930bd51b",
   "metadata": {},
   "outputs": [],
   "source": [
    "df['Subscription Type'] = df['Subscription Type'].map({'Basic': 0, 'Standard': 1 , 'Premium' : 2})\n",
    "df['Contract Length'] = df['Contract Length'].map({'Monthly': 0, 'Quarterly': 1, 'Annual': 2})\n"
   ]
  },
  {
   "cell_type": "code",
   "execution_count": 8,
   "id": "21e1bb05-4be5-43cb-9464-5d8ba2d5a95e",
   "metadata": {},
   "outputs": [
    {
     "data": {
      "text/html": [
       "<div>\n",
       "<style scoped>\n",
       "    .dataframe tbody tr th:only-of-type {\n",
       "        vertical-align: middle;\n",
       "    }\n",
       "\n",
       "    .dataframe tbody tr th {\n",
       "        vertical-align: top;\n",
       "    }\n",
       "\n",
       "    .dataframe thead th {\n",
       "        text-align: right;\n",
       "    }\n",
       "</style>\n",
       "<table border=\"1\" class=\"dataframe\">\n",
       "  <thead>\n",
       "    <tr style=\"text-align: right;\">\n",
       "      <th></th>\n",
       "      <th>CustomerID</th>\n",
       "      <th>Age</th>\n",
       "      <th>Gender</th>\n",
       "      <th>Tenure</th>\n",
       "      <th>Usage Frequency</th>\n",
       "      <th>Support Calls</th>\n",
       "      <th>Payment Delay</th>\n",
       "      <th>Subscription Type</th>\n",
       "      <th>Contract Length</th>\n",
       "      <th>Total Spend</th>\n",
       "      <th>Last Interaction</th>\n",
       "      <th>Churn</th>\n",
       "    </tr>\n",
       "  </thead>\n",
       "  <tbody>\n",
       "    <tr>\n",
       "      <th>0</th>\n",
       "      <td>2.0</td>\n",
       "      <td>30.0</td>\n",
       "      <td>0.0</td>\n",
       "      <td>39.0</td>\n",
       "      <td>14.0</td>\n",
       "      <td>5.0</td>\n",
       "      <td>18.0</td>\n",
       "      <td>1.0</td>\n",
       "      <td>2.0</td>\n",
       "      <td>932.0</td>\n",
       "      <td>17.0</td>\n",
       "      <td>1.0</td>\n",
       "    </tr>\n",
       "    <tr>\n",
       "      <th>1</th>\n",
       "      <td>3.0</td>\n",
       "      <td>65.0</td>\n",
       "      <td>0.0</td>\n",
       "      <td>49.0</td>\n",
       "      <td>1.0</td>\n",
       "      <td>10.0</td>\n",
       "      <td>8.0</td>\n",
       "      <td>0.0</td>\n",
       "      <td>0.0</td>\n",
       "      <td>557.0</td>\n",
       "      <td>6.0</td>\n",
       "      <td>1.0</td>\n",
       "    </tr>\n",
       "    <tr>\n",
       "      <th>2</th>\n",
       "      <td>4.0</td>\n",
       "      <td>55.0</td>\n",
       "      <td>0.0</td>\n",
       "      <td>14.0</td>\n",
       "      <td>4.0</td>\n",
       "      <td>6.0</td>\n",
       "      <td>18.0</td>\n",
       "      <td>0.0</td>\n",
       "      <td>1.0</td>\n",
       "      <td>185.0</td>\n",
       "      <td>3.0</td>\n",
       "      <td>1.0</td>\n",
       "    </tr>\n",
       "    <tr>\n",
       "      <th>3</th>\n",
       "      <td>5.0</td>\n",
       "      <td>58.0</td>\n",
       "      <td>1.0</td>\n",
       "      <td>38.0</td>\n",
       "      <td>21.0</td>\n",
       "      <td>7.0</td>\n",
       "      <td>7.0</td>\n",
       "      <td>1.0</td>\n",
       "      <td>0.0</td>\n",
       "      <td>396.0</td>\n",
       "      <td>29.0</td>\n",
       "      <td>1.0</td>\n",
       "    </tr>\n",
       "    <tr>\n",
       "      <th>4</th>\n",
       "      <td>6.0</td>\n",
       "      <td>23.0</td>\n",
       "      <td>1.0</td>\n",
       "      <td>32.0</td>\n",
       "      <td>20.0</td>\n",
       "      <td>5.0</td>\n",
       "      <td>8.0</td>\n",
       "      <td>0.0</td>\n",
       "      <td>0.0</td>\n",
       "      <td>617.0</td>\n",
       "      <td>20.0</td>\n",
       "      <td>1.0</td>\n",
       "    </tr>\n",
       "  </tbody>\n",
       "</table>\n",
       "</div>"
      ],
      "text/plain": [
       "   CustomerID   Age  Gender  Tenure  Usage Frequency  Support Calls  \\\n",
       "0         2.0  30.0     0.0    39.0             14.0            5.0   \n",
       "1         3.0  65.0     0.0    49.0              1.0           10.0   \n",
       "2         4.0  55.0     0.0    14.0              4.0            6.0   \n",
       "3         5.0  58.0     1.0    38.0             21.0            7.0   \n",
       "4         6.0  23.0     1.0    32.0             20.0            5.0   \n",
       "\n",
       "   Payment Delay  Subscription Type  Contract Length  Total Spend  \\\n",
       "0           18.0                1.0              2.0        932.0   \n",
       "1            8.0                0.0              0.0        557.0   \n",
       "2           18.0                0.0              1.0        185.0   \n",
       "3            7.0                1.0              0.0        396.0   \n",
       "4            8.0                0.0              0.0        617.0   \n",
       "\n",
       "   Last Interaction  Churn  \n",
       "0              17.0    1.0  \n",
       "1               6.0    1.0  \n",
       "2               3.0    1.0  \n",
       "3              29.0    1.0  \n",
       "4              20.0    1.0  "
      ]
     },
     "execution_count": 8,
     "metadata": {},
     "output_type": "execute_result"
    }
   ],
   "source": [
    "df.head()"
   ]
  },
  {
   "cell_type": "code",
   "execution_count": 9,
   "id": "05f2603e-0276-44fb-98d2-915beb42f4c5",
   "metadata": {},
   "outputs": [
    {
     "data": {
      "text/html": [
       "<div>\n",
       "<style scoped>\n",
       "    .dataframe tbody tr th:only-of-type {\n",
       "        vertical-align: middle;\n",
       "    }\n",
       "\n",
       "    .dataframe tbody tr th {\n",
       "        vertical-align: top;\n",
       "    }\n",
       "\n",
       "    .dataframe thead th {\n",
       "        text-align: right;\n",
       "    }\n",
       "</style>\n",
       "<table border=\"1\" class=\"dataframe\">\n",
       "  <thead>\n",
       "    <tr style=\"text-align: right;\">\n",
       "      <th></th>\n",
       "      <th>CustomerID</th>\n",
       "      <th>Age</th>\n",
       "      <th>Gender</th>\n",
       "      <th>Tenure</th>\n",
       "      <th>Usage Frequency</th>\n",
       "      <th>Support Calls</th>\n",
       "      <th>Payment Delay</th>\n",
       "      <th>Subscription Type</th>\n",
       "      <th>Contract Length</th>\n",
       "      <th>Total Spend</th>\n",
       "      <th>Last Interaction</th>\n",
       "      <th>Churn</th>\n",
       "    </tr>\n",
       "  </thead>\n",
       "  <tbody>\n",
       "    <tr>\n",
       "      <th>CustomerID</th>\n",
       "      <td>1.000000</td>\n",
       "      <td>-0.181977</td>\n",
       "      <td>0.146922</td>\n",
       "      <td>0.044129</td>\n",
       "      <td>0.038455</td>\n",
       "      <td>-0.482894</td>\n",
       "      <td>-0.262029</td>\n",
       "      <td>0.013220</td>\n",
       "      <td>0.289818</td>\n",
       "      <td>0.359289</td>\n",
       "      <td>-0.125356</td>\n",
       "      <td>-0.839365</td>\n",
       "    </tr>\n",
       "    <tr>\n",
       "      <th>Age</th>\n",
       "      <td>-0.181977</td>\n",
       "      <td>1.000000</td>\n",
       "      <td>-0.031419</td>\n",
       "      <td>-0.011630</td>\n",
       "      <td>-0.007190</td>\n",
       "      <td>0.158451</td>\n",
       "      <td>0.061738</td>\n",
       "      <td>-0.004414</td>\n",
       "      <td>-0.069303</td>\n",
       "      <td>-0.084684</td>\n",
       "      <td>0.028980</td>\n",
       "      <td>0.218394</td>\n",
       "    </tr>\n",
       "    <tr>\n",
       "      <th>Gender</th>\n",
       "      <td>0.146922</td>\n",
       "      <td>-0.031419</td>\n",
       "      <td>1.000000</td>\n",
       "      <td>0.007978</td>\n",
       "      <td>0.007978</td>\n",
       "      <td>-0.091212</td>\n",
       "      <td>-0.048449</td>\n",
       "      <td>0.002271</td>\n",
       "      <td>0.055342</td>\n",
       "      <td>0.066138</td>\n",
       "      <td>0.134786</td>\n",
       "      <td>-0.175395</td>\n",
       "    </tr>\n",
       "    <tr>\n",
       "      <th>Tenure</th>\n",
       "      <td>0.044129</td>\n",
       "      <td>-0.011630</td>\n",
       "      <td>0.007978</td>\n",
       "      <td>1.000000</td>\n",
       "      <td>-0.026800</td>\n",
       "      <td>-0.027640</td>\n",
       "      <td>-0.016588</td>\n",
       "      <td>-0.024657</td>\n",
       "      <td>0.016925</td>\n",
       "      <td>0.019006</td>\n",
       "      <td>-0.006903</td>\n",
       "      <td>-0.051919</td>\n",
       "    </tr>\n",
       "    <tr>\n",
       "      <th>Usage Frequency</th>\n",
       "      <td>0.038455</td>\n",
       "      <td>-0.007190</td>\n",
       "      <td>0.007978</td>\n",
       "      <td>-0.026800</td>\n",
       "      <td>1.000000</td>\n",
       "      <td>-0.022013</td>\n",
       "      <td>-0.014470</td>\n",
       "      <td>0.000032</td>\n",
       "      <td>0.014058</td>\n",
       "      <td>0.018631</td>\n",
       "      <td>-0.004662</td>\n",
       "      <td>-0.046101</td>\n",
       "    </tr>\n",
       "    <tr>\n",
       "      <th>Support Calls</th>\n",
       "      <td>-0.482894</td>\n",
       "      <td>0.158451</td>\n",
       "      <td>-0.091212</td>\n",
       "      <td>-0.027640</td>\n",
       "      <td>-0.022013</td>\n",
       "      <td>1.000000</td>\n",
       "      <td>0.162889</td>\n",
       "      <td>-0.009820</td>\n",
       "      <td>-0.178806</td>\n",
       "      <td>-0.221594</td>\n",
       "      <td>0.077684</td>\n",
       "      <td>0.574267</td>\n",
       "    </tr>\n",
       "    <tr>\n",
       "      <th>Payment Delay</th>\n",
       "      <td>-0.262029</td>\n",
       "      <td>0.061738</td>\n",
       "      <td>-0.048449</td>\n",
       "      <td>-0.016588</td>\n",
       "      <td>-0.014470</td>\n",
       "      <td>0.162889</td>\n",
       "      <td>1.000000</td>\n",
       "      <td>-0.005385</td>\n",
       "      <td>-0.098028</td>\n",
       "      <td>-0.121044</td>\n",
       "      <td>0.042708</td>\n",
       "      <td>0.312129</td>\n",
       "    </tr>\n",
       "    <tr>\n",
       "      <th>Subscription Type</th>\n",
       "      <td>0.013220</td>\n",
       "      <td>-0.004414</td>\n",
       "      <td>0.002271</td>\n",
       "      <td>-0.024657</td>\n",
       "      <td>0.000032</td>\n",
       "      <td>-0.009820</td>\n",
       "      <td>-0.005385</td>\n",
       "      <td>1.000000</td>\n",
       "      <td>0.004850</td>\n",
       "      <td>0.007131</td>\n",
       "      <td>-0.000608</td>\n",
       "      <td>-0.018251</td>\n",
       "    </tr>\n",
       "    <tr>\n",
       "      <th>Contract Length</th>\n",
       "      <td>0.289818</td>\n",
       "      <td>-0.069303</td>\n",
       "      <td>0.055342</td>\n",
       "      <td>0.016925</td>\n",
       "      <td>0.014058</td>\n",
       "      <td>-0.178806</td>\n",
       "      <td>-0.098028</td>\n",
       "      <td>0.004850</td>\n",
       "      <td>1.000000</td>\n",
       "      <td>0.133871</td>\n",
       "      <td>-0.046014</td>\n",
       "      <td>-0.346666</td>\n",
       "    </tr>\n",
       "    <tr>\n",
       "      <th>Total Spend</th>\n",
       "      <td>0.359289</td>\n",
       "      <td>-0.084684</td>\n",
       "      <td>0.066138</td>\n",
       "      <td>0.019006</td>\n",
       "      <td>0.018631</td>\n",
       "      <td>-0.221594</td>\n",
       "      <td>-0.121044</td>\n",
       "      <td>0.007131</td>\n",
       "      <td>0.133871</td>\n",
       "      <td>1.000000</td>\n",
       "      <td>-0.056890</td>\n",
       "      <td>-0.429355</td>\n",
       "    </tr>\n",
       "    <tr>\n",
       "      <th>Last Interaction</th>\n",
       "      <td>-0.125356</td>\n",
       "      <td>0.028980</td>\n",
       "      <td>0.134786</td>\n",
       "      <td>-0.006903</td>\n",
       "      <td>-0.004662</td>\n",
       "      <td>0.077684</td>\n",
       "      <td>0.042708</td>\n",
       "      <td>-0.000608</td>\n",
       "      <td>-0.046014</td>\n",
       "      <td>-0.056890</td>\n",
       "      <td>1.000000</td>\n",
       "      <td>0.149616</td>\n",
       "    </tr>\n",
       "    <tr>\n",
       "      <th>Churn</th>\n",
       "      <td>-0.839365</td>\n",
       "      <td>0.218394</td>\n",
       "      <td>-0.175395</td>\n",
       "      <td>-0.051919</td>\n",
       "      <td>-0.046101</td>\n",
       "      <td>0.574267</td>\n",
       "      <td>0.312129</td>\n",
       "      <td>-0.018251</td>\n",
       "      <td>-0.346666</td>\n",
       "      <td>-0.429355</td>\n",
       "      <td>0.149616</td>\n",
       "      <td>1.000000</td>\n",
       "    </tr>\n",
       "  </tbody>\n",
       "</table>\n",
       "</div>"
      ],
      "text/plain": [
       "                   CustomerID       Age    Gender    Tenure  Usage Frequency  \\\n",
       "CustomerID           1.000000 -0.181977  0.146922  0.044129         0.038455   \n",
       "Age                 -0.181977  1.000000 -0.031419 -0.011630        -0.007190   \n",
       "Gender               0.146922 -0.031419  1.000000  0.007978         0.007978   \n",
       "Tenure               0.044129 -0.011630  0.007978  1.000000        -0.026800   \n",
       "Usage Frequency      0.038455 -0.007190  0.007978 -0.026800         1.000000   \n",
       "Support Calls       -0.482894  0.158451 -0.091212 -0.027640        -0.022013   \n",
       "Payment Delay       -0.262029  0.061738 -0.048449 -0.016588        -0.014470   \n",
       "Subscription Type    0.013220 -0.004414  0.002271 -0.024657         0.000032   \n",
       "Contract Length      0.289818 -0.069303  0.055342  0.016925         0.014058   \n",
       "Total Spend          0.359289 -0.084684  0.066138  0.019006         0.018631   \n",
       "Last Interaction    -0.125356  0.028980  0.134786 -0.006903        -0.004662   \n",
       "Churn               -0.839365  0.218394 -0.175395 -0.051919        -0.046101   \n",
       "\n",
       "                   Support Calls  Payment Delay  Subscription Type  \\\n",
       "CustomerID             -0.482894      -0.262029           0.013220   \n",
       "Age                     0.158451       0.061738          -0.004414   \n",
       "Gender                 -0.091212      -0.048449           0.002271   \n",
       "Tenure                 -0.027640      -0.016588          -0.024657   \n",
       "Usage Frequency        -0.022013      -0.014470           0.000032   \n",
       "Support Calls           1.000000       0.162889          -0.009820   \n",
       "Payment Delay           0.162889       1.000000          -0.005385   \n",
       "Subscription Type      -0.009820      -0.005385           1.000000   \n",
       "Contract Length        -0.178806      -0.098028           0.004850   \n",
       "Total Spend            -0.221594      -0.121044           0.007131   \n",
       "Last Interaction        0.077684       0.042708          -0.000608   \n",
       "Churn                   0.574267       0.312129          -0.018251   \n",
       "\n",
       "                   Contract Length  Total Spend  Last Interaction     Churn  \n",
       "CustomerID                0.289818     0.359289         -0.125356 -0.839365  \n",
       "Age                      -0.069303    -0.084684          0.028980  0.218394  \n",
       "Gender                    0.055342     0.066138          0.134786 -0.175395  \n",
       "Tenure                    0.016925     0.019006         -0.006903 -0.051919  \n",
       "Usage Frequency           0.014058     0.018631         -0.004662 -0.046101  \n",
       "Support Calls            -0.178806    -0.221594          0.077684  0.574267  \n",
       "Payment Delay            -0.098028    -0.121044          0.042708  0.312129  \n",
       "Subscription Type         0.004850     0.007131         -0.000608 -0.018251  \n",
       "Contract Length           1.000000     0.133871         -0.046014 -0.346666  \n",
       "Total Spend               0.133871     1.000000         -0.056890 -0.429355  \n",
       "Last Interaction         -0.046014    -0.056890          1.000000  0.149616  \n",
       "Churn                    -0.346666    -0.429355          0.149616  1.000000  "
      ]
     },
     "execution_count": 9,
     "metadata": {},
     "output_type": "execute_result"
    }
   ],
   "source": [
    "df.corr()"
   ]
  },
  {
   "cell_type": "code",
   "execution_count": 10,
   "id": "dfba59bb-dabd-4052-a1cc-fe5ec5905ba8",
   "metadata": {},
   "outputs": [],
   "source": [
    "df = df.drop('CustomerID' , axis = 1)"
   ]
  },
  {
   "cell_type": "code",
   "execution_count": 11,
   "id": "8757d45f-7259-4bb4-a6ee-81b5b399cbd4",
   "metadata": {},
   "outputs": [
    {
     "name": "stdout",
     "output_type": "stream",
     "text": [
      "<class 'pandas.core.frame.DataFrame'>\n",
      "RangeIndex: 440833 entries, 0 to 440832\n",
      "Data columns (total 11 columns):\n",
      " #   Column             Non-Null Count   Dtype  \n",
      "---  ------             --------------   -----  \n",
      " 0   Age                440832 non-null  float64\n",
      " 1   Gender             440832 non-null  float64\n",
      " 2   Tenure             440832 non-null  float64\n",
      " 3   Usage Frequency    440832 non-null  float64\n",
      " 4   Support Calls      440832 non-null  float64\n",
      " 5   Payment Delay      440832 non-null  float64\n",
      " 6   Subscription Type  440832 non-null  float64\n",
      " 7   Contract Length    440832 non-null  float64\n",
      " 8   Total Spend        440832 non-null  float64\n",
      " 9   Last Interaction   440832 non-null  float64\n",
      " 10  Churn              440832 non-null  float64\n",
      "dtypes: float64(11)\n",
      "memory usage: 37.0 MB\n"
     ]
    }
   ],
   "source": [
    "df.info()"
   ]
  },
  {
   "cell_type": "code",
   "execution_count": 12,
   "id": "d53d4766-5d75-47f5-aa4a-889be77b8bc6",
   "metadata": {},
   "outputs": [
    {
     "data": {
      "text/html": [
       "<div>\n",
       "<style scoped>\n",
       "    .dataframe tbody tr th:only-of-type {\n",
       "        vertical-align: middle;\n",
       "    }\n",
       "\n",
       "    .dataframe tbody tr th {\n",
       "        vertical-align: top;\n",
       "    }\n",
       "\n",
       "    .dataframe thead th {\n",
       "        text-align: right;\n",
       "    }\n",
       "</style>\n",
       "<table border=\"1\" class=\"dataframe\">\n",
       "  <thead>\n",
       "    <tr style=\"text-align: right;\">\n",
       "      <th></th>\n",
       "      <th>Age</th>\n",
       "      <th>Gender</th>\n",
       "      <th>Tenure</th>\n",
       "      <th>Usage Frequency</th>\n",
       "      <th>Support Calls</th>\n",
       "      <th>Payment Delay</th>\n",
       "      <th>Subscription Type</th>\n",
       "      <th>Contract Length</th>\n",
       "      <th>Total Spend</th>\n",
       "      <th>Last Interaction</th>\n",
       "      <th>Churn</th>\n",
       "    </tr>\n",
       "  </thead>\n",
       "  <tbody>\n",
       "    <tr>\n",
       "      <th>Age</th>\n",
       "      <td>1.000000</td>\n",
       "      <td>-0.031419</td>\n",
       "      <td>-0.011630</td>\n",
       "      <td>-0.007190</td>\n",
       "      <td>0.158451</td>\n",
       "      <td>0.061738</td>\n",
       "      <td>-0.004414</td>\n",
       "      <td>-0.069303</td>\n",
       "      <td>-0.084684</td>\n",
       "      <td>0.028980</td>\n",
       "      <td>0.218394</td>\n",
       "    </tr>\n",
       "    <tr>\n",
       "      <th>Gender</th>\n",
       "      <td>-0.031419</td>\n",
       "      <td>1.000000</td>\n",
       "      <td>0.007978</td>\n",
       "      <td>0.007978</td>\n",
       "      <td>-0.091212</td>\n",
       "      <td>-0.048449</td>\n",
       "      <td>0.002271</td>\n",
       "      <td>0.055342</td>\n",
       "      <td>0.066138</td>\n",
       "      <td>0.134786</td>\n",
       "      <td>-0.175395</td>\n",
       "    </tr>\n",
       "    <tr>\n",
       "      <th>Tenure</th>\n",
       "      <td>-0.011630</td>\n",
       "      <td>0.007978</td>\n",
       "      <td>1.000000</td>\n",
       "      <td>-0.026800</td>\n",
       "      <td>-0.027640</td>\n",
       "      <td>-0.016588</td>\n",
       "      <td>-0.024657</td>\n",
       "      <td>0.016925</td>\n",
       "      <td>0.019006</td>\n",
       "      <td>-0.006903</td>\n",
       "      <td>-0.051919</td>\n",
       "    </tr>\n",
       "    <tr>\n",
       "      <th>Usage Frequency</th>\n",
       "      <td>-0.007190</td>\n",
       "      <td>0.007978</td>\n",
       "      <td>-0.026800</td>\n",
       "      <td>1.000000</td>\n",
       "      <td>-0.022013</td>\n",
       "      <td>-0.014470</td>\n",
       "      <td>0.000032</td>\n",
       "      <td>0.014058</td>\n",
       "      <td>0.018631</td>\n",
       "      <td>-0.004662</td>\n",
       "      <td>-0.046101</td>\n",
       "    </tr>\n",
       "    <tr>\n",
       "      <th>Support Calls</th>\n",
       "      <td>0.158451</td>\n",
       "      <td>-0.091212</td>\n",
       "      <td>-0.027640</td>\n",
       "      <td>-0.022013</td>\n",
       "      <td>1.000000</td>\n",
       "      <td>0.162889</td>\n",
       "      <td>-0.009820</td>\n",
       "      <td>-0.178806</td>\n",
       "      <td>-0.221594</td>\n",
       "      <td>0.077684</td>\n",
       "      <td>0.574267</td>\n",
       "    </tr>\n",
       "    <tr>\n",
       "      <th>Payment Delay</th>\n",
       "      <td>0.061738</td>\n",
       "      <td>-0.048449</td>\n",
       "      <td>-0.016588</td>\n",
       "      <td>-0.014470</td>\n",
       "      <td>0.162889</td>\n",
       "      <td>1.000000</td>\n",
       "      <td>-0.005385</td>\n",
       "      <td>-0.098028</td>\n",
       "      <td>-0.121044</td>\n",
       "      <td>0.042708</td>\n",
       "      <td>0.312129</td>\n",
       "    </tr>\n",
       "    <tr>\n",
       "      <th>Subscription Type</th>\n",
       "      <td>-0.004414</td>\n",
       "      <td>0.002271</td>\n",
       "      <td>-0.024657</td>\n",
       "      <td>0.000032</td>\n",
       "      <td>-0.009820</td>\n",
       "      <td>-0.005385</td>\n",
       "      <td>1.000000</td>\n",
       "      <td>0.004850</td>\n",
       "      <td>0.007131</td>\n",
       "      <td>-0.000608</td>\n",
       "      <td>-0.018251</td>\n",
       "    </tr>\n",
       "    <tr>\n",
       "      <th>Contract Length</th>\n",
       "      <td>-0.069303</td>\n",
       "      <td>0.055342</td>\n",
       "      <td>0.016925</td>\n",
       "      <td>0.014058</td>\n",
       "      <td>-0.178806</td>\n",
       "      <td>-0.098028</td>\n",
       "      <td>0.004850</td>\n",
       "      <td>1.000000</td>\n",
       "      <td>0.133871</td>\n",
       "      <td>-0.046014</td>\n",
       "      <td>-0.346666</td>\n",
       "    </tr>\n",
       "    <tr>\n",
       "      <th>Total Spend</th>\n",
       "      <td>-0.084684</td>\n",
       "      <td>0.066138</td>\n",
       "      <td>0.019006</td>\n",
       "      <td>0.018631</td>\n",
       "      <td>-0.221594</td>\n",
       "      <td>-0.121044</td>\n",
       "      <td>0.007131</td>\n",
       "      <td>0.133871</td>\n",
       "      <td>1.000000</td>\n",
       "      <td>-0.056890</td>\n",
       "      <td>-0.429355</td>\n",
       "    </tr>\n",
       "    <tr>\n",
       "      <th>Last Interaction</th>\n",
       "      <td>0.028980</td>\n",
       "      <td>0.134786</td>\n",
       "      <td>-0.006903</td>\n",
       "      <td>-0.004662</td>\n",
       "      <td>0.077684</td>\n",
       "      <td>0.042708</td>\n",
       "      <td>-0.000608</td>\n",
       "      <td>-0.046014</td>\n",
       "      <td>-0.056890</td>\n",
       "      <td>1.000000</td>\n",
       "      <td>0.149616</td>\n",
       "    </tr>\n",
       "    <tr>\n",
       "      <th>Churn</th>\n",
       "      <td>0.218394</td>\n",
       "      <td>-0.175395</td>\n",
       "      <td>-0.051919</td>\n",
       "      <td>-0.046101</td>\n",
       "      <td>0.574267</td>\n",
       "      <td>0.312129</td>\n",
       "      <td>-0.018251</td>\n",
       "      <td>-0.346666</td>\n",
       "      <td>-0.429355</td>\n",
       "      <td>0.149616</td>\n",
       "      <td>1.000000</td>\n",
       "    </tr>\n",
       "  </tbody>\n",
       "</table>\n",
       "</div>"
      ],
      "text/plain": [
       "                        Age    Gender    Tenure  Usage Frequency  \\\n",
       "Age                1.000000 -0.031419 -0.011630        -0.007190   \n",
       "Gender            -0.031419  1.000000  0.007978         0.007978   \n",
       "Tenure            -0.011630  0.007978  1.000000        -0.026800   \n",
       "Usage Frequency   -0.007190  0.007978 -0.026800         1.000000   \n",
       "Support Calls      0.158451 -0.091212 -0.027640        -0.022013   \n",
       "Payment Delay      0.061738 -0.048449 -0.016588        -0.014470   \n",
       "Subscription Type -0.004414  0.002271 -0.024657         0.000032   \n",
       "Contract Length   -0.069303  0.055342  0.016925         0.014058   \n",
       "Total Spend       -0.084684  0.066138  0.019006         0.018631   \n",
       "Last Interaction   0.028980  0.134786 -0.006903        -0.004662   \n",
       "Churn              0.218394 -0.175395 -0.051919        -0.046101   \n",
       "\n",
       "                   Support Calls  Payment Delay  Subscription Type  \\\n",
       "Age                     0.158451       0.061738          -0.004414   \n",
       "Gender                 -0.091212      -0.048449           0.002271   \n",
       "Tenure                 -0.027640      -0.016588          -0.024657   \n",
       "Usage Frequency        -0.022013      -0.014470           0.000032   \n",
       "Support Calls           1.000000       0.162889          -0.009820   \n",
       "Payment Delay           0.162889       1.000000          -0.005385   \n",
       "Subscription Type      -0.009820      -0.005385           1.000000   \n",
       "Contract Length        -0.178806      -0.098028           0.004850   \n",
       "Total Spend            -0.221594      -0.121044           0.007131   \n",
       "Last Interaction        0.077684       0.042708          -0.000608   \n",
       "Churn                   0.574267       0.312129          -0.018251   \n",
       "\n",
       "                   Contract Length  Total Spend  Last Interaction     Churn  \n",
       "Age                      -0.069303    -0.084684          0.028980  0.218394  \n",
       "Gender                    0.055342     0.066138          0.134786 -0.175395  \n",
       "Tenure                    0.016925     0.019006         -0.006903 -0.051919  \n",
       "Usage Frequency           0.014058     0.018631         -0.004662 -0.046101  \n",
       "Support Calls            -0.178806    -0.221594          0.077684  0.574267  \n",
       "Payment Delay            -0.098028    -0.121044          0.042708  0.312129  \n",
       "Subscription Type         0.004850     0.007131         -0.000608 -0.018251  \n",
       "Contract Length           1.000000     0.133871         -0.046014 -0.346666  \n",
       "Total Spend               0.133871     1.000000         -0.056890 -0.429355  \n",
       "Last Interaction         -0.046014    -0.056890          1.000000  0.149616  \n",
       "Churn                    -0.346666    -0.429355          0.149616  1.000000  "
      ]
     },
     "execution_count": 12,
     "metadata": {},
     "output_type": "execute_result"
    }
   ],
   "source": [
    "df.corr()"
   ]
  },
  {
   "cell_type": "code",
   "execution_count": 13,
   "id": "bc691837-7588-4c9d-ba0c-295e95c2e795",
   "metadata": {},
   "outputs": [],
   "source": [
    "features = ['Support Calls', 'Payment Delay', 'Contract Length', 'Total Spend', 'Age']\n",
    "target = 'Churn'\n"
   ]
  },
  {
   "cell_type": "code",
   "execution_count": 14,
   "id": "44715015-60a1-42f7-b1c2-902fd04d6969",
   "metadata": {},
   "outputs": [],
   "source": [
    "from sklearn.model_selection import train_test_split\n",
    "X = df[features]\n",
    "y = df[target]\n",
    "X_train, X_test, y_train, y_test = train_test_split(X, y, test_size=0.2, random_state=42)\n"
   ]
  },
  {
   "cell_type": "code",
   "execution_count": 15,
   "id": "2b7abe15-02d5-4bc2-81bb-855b6c4b4795",
   "metadata": {},
   "outputs": [
    {
